1000
0
382837949
3926
862891342
18043
21872
14893
69341409
22778
9646
46002088
17203
24540
960082330
430871262
208993771
6382
2913
749043696
13488
18683
146900888
88351266
25199777
952721970
17002
64238805
19795
90307767
554529635
537519435
756992658
31791
3127
30478286
121403787
15288663
9655
201176341
7148
19854
237005601
822478895
5668
14425
330830184
273645530
13457
8856
4855
285828079
173375485
27130
483847881
162058476
11521
21966
26458
376475788
31548
436259518
16348
87903130
75022579
232546405
31825
88802343
27030
22038
230820787
11615
8751
21352
23062
31134
223980025
17556
128989500
5419
120227072
3552
5381
18930
52652819
845379341
656619680
653276082
18885
374611542
653103430
6910
26706
12870928
187072784
730808435
507302368
605815530
14801
14404
2912
15177
315118080
11800
660633199
21592365
25681376
3448
22019
115089075
29214
10074
150808699
444065896
21503
480913564
204310994
30768
1907
288426509
63819623
16646
14862
31898
411
1009
748
29211
18474
408441148
97260503
1555336
454368519
2285
22495
23892
266262236
503250939
103328737
177125968
3309
505553366
114453278
443539347
5770
16921
26554
131306567
305380054
26319
2238
4127121
29930
47585916
671955240
706547943
9005
7181
27700
17090
673
22571
13468
9807
326576692
25867
6571
677973054
52130383
119114024
25357
430319151
73013141
5949435
22924
13533
65372792
4165
14176
153447027
116067071
150894769
32118179
19928
5784
16270
15016
1268159
21647
30931
2747
2593
195134674
14960
19818
6424751
31439789
818385
278292064
97127913
32545199
30599
11252418
1023
230926582
15816
12002
6618
29771
58239886
12704
4523
26463
16702
24395
19285
5211
20042
16478
16375
574047130
195581487
165840374
18809704
3970313
4141
27336
16234770
6184
381386847
65939189
12852
175557514
638450197
10011968
30711
31960
20806
736813373
1305
22621
364671595
54894432
279729510
25412
6417
21128989
4494
54428172
10477
27218
263073490
3443
21665
23840
5840
20381
492016603
42143834
11505
140613893
889
88521026
600128234
402845186
439878765
14997
128506083
11915
18185
7088
674664214
120116211
9226
188856788
10419
98657345
7683
2624813
19392
623083019
12225
9931
56651302
22938
14563
278824122
3187696
6484
17844
355285023
147248229
2792
35511532
7825
11610
86446275
239103815
207084930
151
768213807
43448840
32261
58068753
20178
4819
17545
181665301
6099
3398
26560
32137
23431
285423904
16145
329130045
440532505
12683
19997
147653654
18145
1017
753117061
14834
11382
22331
216437687
28729
680639608
825435127
51959330
286874608
108950204
32363
29317
159429632
396758715
417383897
15582
16300
82139176
11492
18942
1413151
21111
244774565
118032315
30350182
3243655
4920
21427
271
12521
20192
13471
492314879
179570168
86045109
5080
22583
76321020
8614
72440865
88897718
649104099
21357
3097
8428
23478
11691
20916
14864
565180487
12992
3014292
9588312
412659177
22374
4019
218907162
20325
62579109
14797
498002096
566198756
147910002
33666278
4035084
15812
19611
14141534
15936
18301
27713
195528892
17822
254502831
25396
195
17918
29747
19149
13641
20996
60343632
12959
17436
12253
522434433
15461
28993
27463928
16301
249258048
12927
15352
888119480
11386
23808
10610
55189342
395258471
15298
26221135
31311
346040821
105695968
314
96739300
105349119
2991333
97493897
556438461
32124152
118777312
37777438
31418840
628088997
22634
266471659
13693
1900
21665
69
8802
63359412
286093132
2871
2505749
32552
25842
16158
15256
214754825
24753
130320256
26182
22314
9425
303205870
75769454
22179310
97838280
30886
4037451
9303
101855705
24950
157636196
144464396
621943618
346243467
2961
7639
3428
21405
25246
30458
22697
3129
16065
18978
23709
26052
499319489
19315
26889
6012
28028
65355576
30400325
68879608
22909
9958421
22721
114990480
21210
235301749
13979
714385827
106814421
2314
8513
578440736
28471
84049344
6887686
770595401
395329017
28152
32717
343461893
460858540
620
129898310
11641823
293983387
227149537
192161368
28735
23189
132869988
15913
6723
20184
351843963
27610
388098740
587
19759
14549
3767
276027469
27463
472475957
20914
611946509
2980823
92029055
706518098
197241097
278074122
271072367
198068337
5568
16786
19605
21409490
28906672
264048913
16392
32431
23165
28287
8979756
369993421
32058
495709938
14329
32223
12276
17976
8440
11578
15821
380762998
2737
353366084
7728
3930
10563
3032
6716
153282838
5783
9682949
16137
18466
22422
101766978
11253
59333496
7033
8579
64220312
260943089
5703
21597
28716
611467377
18974
30686
2256
9951194
135317409
1111136
13264
24463
2135
18884985
271709600
345779411
637985703
7131
342257748
196382100
15449
101546813
105565038
111140287
365441529
6372
7333
23341
6911
314540256
36934402
2997
81328296
22735
15115
25697
15841
205591989
179460872
32017
390723665
80158734
2828
12171
126833619
854759981
742617575
31829
28816592
7102508
12243
159051617
17223
4067
133763117
8400
89910593
3736
5221
34410962
17726
16983
3256
22777
1931
23406
10240
13804
590994317
165008445
701404870
7223
30980
331756259
322932678
30339
28295
11051
60998946
172953496
30370
18107
13914
14948
311608270
189127277
27751
17488
55072132
851
29564
188894763
18063
1405
24143
30219
779110998
15644003
5126566
285170179
29141
17380
404870099
15113
8326607
29812
10853455
481303362
18174
17289
411030352
174931260
18001
18118583
814640955
28391
19169
379838719
32383558
10885
271
86817712
699976732
229486409
6634
289923071
24181
26183
13979
30071
7422
23414
748425288
27382
21127
242196465
474372922
399674418
11761
120554134
209206690
803
633100892
23801
17531
6776
50916454
375
4231870
6366
9121
7100
14442
26729637
798248079
759271858
25236
160798938
15095
662425631
12995
13634
12194
172712432
82001915
9270
773054384
555758120
152096005
16531
258930228
177060720
31181
19515
831696706
21125
224271903
30486
126495431
13136
379592536
17813
94637355
429811240
327508068
94916320
8830
28555
118323590
168426264
3259
729996649
125217935
633101519
14923
811827895
34555369
95438828
32429
18337
21916
4777
31666
194516799
15289656
15676
32199
13168
14377
114536762
19269
193532727
210211557
48973643
456644156
12072
621206414
177654631
200154850
212642924
12028
379829321
115682970
97788070
14555
31033
671945612
20463
22387
17057
532993183
371241939
7118
4280
156459802
322736318
85109504
88208194
362738868
138516529
545608204
19605
597557830
545731776
270470211
692
446632720
4887
3805065
27848
591453260
29
20778
29808
258742050
530549985
546441479
162342402
10941
794164631
24266
16048
297232718
18283624
2309607
352550816
31143711
21552
163333760
155156844
677487539
10695
453432015
4776057
9619
515407854
17049
247733306
14593
10049
91784339
17030
4378
61567328
31031
478667182
1279
29142
78900515
19304
4182
138666298
20413264
18640
100547568
248067021
22917
703057210
561219536
3626414
20334
383921758
2720
617682887
22923
28388706
212667000
62827893
26562
14996
30585
17874
4653
10431
214754683
414493422
16833
316275427
4560
2679
5715774
618283812
148912439
77282560
451161087
28392
187695837
227830093
84040309
35507856
26997
3356
101584467
3878
421218994
23176
24257298
501972295
25261
9122
5408
159151265
381255162
13232
68518518
175877180
43421361
2331
3806
21943
10446
5162
18633
2699
15946
8658
25887835
23276
19751
21268
16292
631331302
104566067
11889
7137
695239537
838592036
254718483
839674514
10384
92756909
18964
604003695
7763
235838706
462032628
29281
29746
307973006
54484551
51965296
1366
15552
22766
422702220
16559
25415
820389015
348
19221
239160900
9451038
18408
6779
29009
25209
2035
23398
348181107
14158
153676484
486246194
16866
25914
14124
9710
12427
1704
28536
187751874
327521429
25857
61664929
387585777
27848
